
 MATLAB desktop keyboard shortcuts, such as Ctrl+S, are now customizable.
 In addition, many keyboard shortcuts have changed for improved consistency
 across the desktop.

 To customize keyboard shortcuts, use Preferences. From there, you can also
 restore previous default settings by following the steps outlined in Help.

 Click here if you do not want to see this message again.
 
>> A = zeros( 4 )

A =

     0     0     0     0
     0     0     0     0
     0     0     0     0
     0     0     0     0

>> A[1,2:4]
??? A[1,2:4]
     |
Error: Unbalanced or unexpected parenthesis or bracket.
 
>> A(1,2:4)

ans =

     0     0     0

>> A(1,2:4) = [ 1 2 3 ]

A =

     0     1     2     3
     0     0     0     0
     0     0     0     0
     0     0     0     0

>> A(2:4, 1) = [ 1 2 3 ]

A =

     0     1     2     3
     1     0     0     0
     2     0     0     0
     3     0     0     0

>> A'*A

ans =

    14     0     0     0
     0     1     2     3
     0     2     4     6
     0     3     6     9

>> eig( A'*A)

ans =

     0
     0
    14
    14

>> det( A'*A)

ans =

     0

>> [U,S,V] = svd( A )

U =

    1.0000         0   -0.0000    0.0000
    0.0000   -0.2673    0.9562    0.1195
         0   -0.5345   -0.0439   -0.8440
         0   -0.8018   -0.2895    0.5228


S =

    3.7417         0         0         0
         0    3.7417         0         0
         0         0    0.0000         0
         0         0         0         0


V =

         0   -1.0000         0         0
    0.2673         0    0.7715   -0.5774
    0.5345         0   -0.6172   -0.5774
    0.8018         0    0.1543    0.5774

>> A = zeros( 4 )

A =

     0     0     0     0
     0     0     0     0
     0     0     0     0
     0     0     0     0

>> A(2:4, 1) = [ 1 1 1 ]

A =

     0     0     0     0
     1     0     0     0
     1     0     0     0
     1     0     0     0

>> A(1,2:4) = [ 1 1 1 ]

A =

     0     1     1     1
     1     0     0     0
     1     0     0     0
     1     0     0     0

>> A'*A

ans =

     3     0     0     0
     0     1     1     1
     0     1     1     1
     0     1     1     1

>> det( A'*A)

ans =

     0

>> eig( A'*A)

ans =

   -0.0000
         0
    3.0000
    3.0000

>> [U,S,V] = svd( A )

U =

    1.0000         0    0.0000         0
    0.0000   -0.5774    0.8165   -0.0000
    0.0000   -0.5774   -0.4082   -0.7071
    0.0000   -0.5774   -0.4082    0.7071


S =

    1.7321         0         0         0
         0    1.7321         0         0
         0         0    0.0000         0
         0         0         0    0.0000


V =

         0   -1.0000         0         0
    0.5774         0    0.8165         0
    0.5774         0   -0.4082   -0.7071
    0.5774         0   -0.4082    0.7071

>> sqrt(3)

ans =

    1.7321

>> A = zeros( 6 )

A =

     0     0     0     0     0     0
     0     0     0     0     0     0
     0     0     0     0     0     0
     0     0     0     0     0     0
     0     0     0     0     0     0
     0     0     0     0     0     0

>> A = zeros( 5 )

A =

     0     0     0     0     0
     0     0     0     0     0
     0     0     0     0     0
     0     0     0     0     0
     0     0     0     0     0

>> A(1,2:4) = [ 1 1 1 1 ]
??? Subscripted assignment dimension mismatch.
 
>> A(1,2:5) = [ 1 1 1 1 ]

A =

     0     1     1     1     1
     0     0     0     0     0
     0     0     0     0     0
     0     0     0     0     0
     0     0     0     0     0

>> A(2:5,1) = [ 1 1 1 1 ]

A =

     0     1     1     1     1
     1     0     0     0     0
     1     0     0     0     0
     1     0     0     0     0
     1     0     0     0     0

>> det( A'*A)

ans =

     0

>> eig( A'*A)

ans =

   -0.0000
         0
    0.0000
    4.0000
    4.0000

>> A = zeros( 10 )

A =

     0     0     0     0     0     0     0     0     0     0
     0     0     0     0     0     0     0     0     0     0
     0     0     0     0     0     0     0     0     0     0
     0     0     0     0     0     0     0     0     0     0
     0     0     0     0     0     0     0     0     0     0
     0     0     0     0     0     0     0     0     0     0
     0     0     0     0     0     0     0     0     0     0
     0     0     0     0     0     0     0     0     0     0
     0     0     0     0     0     0     0     0     0     0
     0     0     0     0     0     0     0     0     0     0

>> A(2:10,1) = [ 1 1 1 1 1 1 1 1 1 ]

A =

     0     0     0     0     0     0     0     0     0     0
     1     0     0     0     0     0     0     0     0     0
     1     0     0     0     0     0     0     0     0     0
     1     0     0     0     0     0     0     0     0     0
     1     0     0     0     0     0     0     0     0     0
     1     0     0     0     0     0     0     0     0     0
     1     0     0     0     0     0     0     0     0     0
     1     0     0     0     0     0     0     0     0     0
     1     0     0     0     0     0     0     0     0     0
     1     0     0     0     0     0     0     0     0     0

>> A(1,2:10) = [ 1 1 1 1 1 1 1 1 1 ]

A =

     0     1     1     1     1     1     1     1     1     1
     1     0     0     0     0     0     0     0     0     0
     1     0     0     0     0     0     0     0     0     0
     1     0     0     0     0     0     0     0     0     0
     1     0     0     0     0     0     0     0     0     0
     1     0     0     0     0     0     0     0     0     0
     1     0     0     0     0     0     0     0     0     0
     1     0     0     0     0     0     0     0     0     0
     1     0     0     0     0     0     0     0     0     0
     1     0     0     0     0     0     0     0     0     0

>> eig( A'*A)

ans =

   -0.0000
   -0.0000
   -0.0000
   -0.0000
   -0.0000
   -0.0000
    0.0000
    0.0000
    9.0000
    9.0000

>> [U,S,V] = svd( A )

U =

    1.0000         0   -0.0000    0.0000    0.0000         0         0   -0.0000         0   -0.0000
   -0.0000   -0.3333    0.9428   -0.0000    0.0000    0.0000         0   -0.0000    0.0000   -0.0000
         0   -0.3333   -0.1179    0.9354    0.0000    0.0000         0    0.0000    0.0000    0.0000
         0   -0.3333   -0.1179   -0.1336   -0.3780   -0.3780   -0.3780   -0.3780   -0.3780   -0.3780
         0   -0.3333   -0.1179   -0.1336   -0.1037   -0.1037   -0.1037   -0.1037   -0.1037    0.8963
         0   -0.3333   -0.1179   -0.1336   -0.1037   -0.1037   -0.1037   -0.1037    0.8963   -0.1037
         0   -0.3333   -0.1179   -0.1336   -0.1037   -0.1037   -0.1037    0.8963   -0.1037   -0.1037
         0   -0.3333   -0.1179   -0.1336   -0.1037   -0.1037    0.8963   -0.1037   -0.1037   -0.1037
         0   -0.3333   -0.1179   -0.1336    0.8963   -0.1037   -0.1037   -0.1037   -0.1037   -0.1037
         0   -0.3333   -0.1179   -0.1336   -0.1037    0.8963   -0.1037   -0.1037   -0.1037   -0.1037


S =

    3.0000         0         0         0         0         0         0         0         0         0
         0    3.0000         0         0         0         0         0         0         0         0
         0         0    0.0000         0         0         0         0         0         0         0
         0         0         0    0.0000         0         0         0         0         0         0
         0         0         0         0         0         0         0         0         0         0
         0         0         0         0         0         0         0         0         0         0
         0         0         0         0         0         0         0         0         0         0
         0         0         0         0         0         0         0         0         0         0
         0         0         0         0         0         0         0         0         0         0
         0         0         0         0         0         0         0         0         0         0


V =

         0   -1.0000         0         0         0         0         0         0         0         0
    0.3333         0    0.9428         0         0         0         0         0         0         0
    0.3333         0   -0.1179    0.9354    0.0000    0.0000    0.0000    0.0000    0.0000   -0.0000
    0.3333         0   -0.1179   -0.1336    0.0000    0.0000    0.0000    0.0000    0.0000    0.9258
    0.3333         0   -0.1179   -0.1336   -0.4082   -0.4082   -0.4082   -0.4082   -0.4082   -0.1543
    0.3333         0   -0.1179   -0.1336   -0.1184   -0.1184   -0.1184   -0.1184    0.8816   -0.1543
    0.3333         0   -0.1179   -0.1336   -0.1184   -0.1184   -0.1184    0.8816   -0.1184   -0.1543
    0.3333         0   -0.1179   -0.1336   -0.1184   -0.1184    0.8816   -0.1184   -0.1184   -0.1543
    0.3333         0   -0.1179   -0.1336    0.8816   -0.1184   -0.1184   -0.1184   -0.1184   -0.1543
    0.3333         0   -0.1179   -0.1336   -0.1184    0.8816   -0.1184   -0.1184   -0.1184   -0.1543

>> A = zeros( 4 )

A =

     0     0     0     0
     0     0     0     0
     0     0     0     0
     0     0     0     0

>> A(1,2:4) = [ 1 2 3 ]

A =

     0     1     2     3
     0     0     0     0
     0     0     0     0
     0     0     0     0

>> A(2:4,1) = [ 1 2 3 ]

A =

     0     1     2     3
     1     0     0     0
     2     0     0     0
     3     0     0     0

>> [U,S,V] = svd( A )

U =

    1.0000         0   -0.0000    0.0000
    0.0000   -0.2673    0.9562    0.1195
         0   -0.5345   -0.0439   -0.8440
         0   -0.8018   -0.2895    0.5228


S =

    3.7417         0         0         0
         0    3.7417         0         0
         0         0    0.0000         0
         0         0         0         0


V =

         0   -1.0000         0         0
    0.2673         0    0.7715   -0.5774
    0.5345         0   -0.6172   -0.5774
    0.8018         0    0.1543    0.5774

>> rank( A )

ans =

     2

>> sqrt( 14)

ans =

    3.7417

>> 1/sqrt( 14)

ans =

    0.2673

>> 2/sqrt( 14)

ans =

    0.5345

>> 3/sqrt( 14)

ans =

    0.8018

>> U(1:2,:)

ans =

    1.0000         0   -0.0000    0.0000
    0.0000   -0.2673    0.9562    0.1195

>> U(:,1:2)

ans =

    1.0000         0
    0.0000   -0.2673
         0   -0.5345
         0   -0.8018

>> U(:,1:2)*S(1:2,1:2)

ans =

    3.7417         0
    0.0000   -1.0000
         0   -2.0000
         0   -3.0000

>> U(:,1:2)*S(1:2,1:2)*V(:,1:2)
??? Error using ==> mtimes
Inner matrix dimensions must agree.
 
>> U(:,1:2)*S(1:2,1:2)*V(:,1:2)`
??? U(:,1:2)*S(1:2,1:2)*V(:,1:2)`
                                |
Error: The input character is not valid in MATLAB statements or expressions.
 
>> U(:,1:2)*S(1:2,1:2)*V(:,1:2)'

ans =

         0    1.0000    2.0000    3.0000
    1.0000    0.0000    0.0000    0.0000
    2.0000         0         0         0
    3.0000         0         0         0

>> V(:,1:2)'

ans =

         0    0.2673    0.5345    0.8018
   -1.0000         0         0         0

>> 
